-1.0
-1.0
-1.0
-1.0
-1.0
-1.0
-1.0
-1.0
-1.0
-1.0
-1.0
-1.0
-1.0
-1.0
-1.0
-1.0
-1.0
-1.0
-1.0
-1.0
-1.0
-1.0
-1.0
-1.0
-1.0
-1.0
-1.0
-1.0
-1.0
-1.0
-1.0
-1.0
-1.0
-1.0
-1.0
-1.0
-1.0
-1.0
-1.0
-1.0
-1.0
-1.0
-1.0
337.0
283.0
273.0
298.0
263.0
312.0
283.0
317.0
254.0
283.0
288.0
268.0
337.0
303.0
303.0
263.0
288.0
283.0
298.0
273.0
268.0
278.0
288.0
293.0
293.0
293.0
259.0
298.0
283.0
263.0
298.0
317.0
288.0
347.0
307.0
307.0
303.0
273.0
293.0
332.0
278.0
278.0
278.0
307.0
268.0
278.0
288.0
288.0
283.0
288.0
273.0
307.0
268.0
317.0
278.0
312.0
278.0
283.0
283.0
273.0
317.0
263.0
361.0
-1.0
-1.0
283.0
268.0
307.0
283.0
273.0
273.0
288.0
273.0
263.0
288.0
293.0
293.0
273.0
273.0
283.0
273.0
278.0
293.0
303.0
303.0
303.0
332.0
273.0
317.0
293.0
332.0
283.0
312.0
288.0
317.0
283.0
303.0
293.0
288.0
268.0
293.0
278.0
273.0
293.0
288.0
278.0
307.0
303.0
268.0
303.0
288.0
293.0
307.0
288.0
283.0
293.0
288.0
278.0
312.0
259.0
268.0
312.0
298.0
268.0
347.0
347.0
263.0
273.0
288.0
283.0
283.0
283.0
312.0
-1.0
-1.0
298.0
317.0
327.0
293.0
268.0
283.0
283.0
268.0
273.0
273.0
283.0
263.0
293.0
259.0
337.0
293.0
293.0
293.0
273.0
273.0
298.0
298.0
278.0
293.0
273.0
298.0
332.0
298.0
268.0
298.0
293.0
317.0
273.0
283.0
298.0
298.0
273.0
278.0
283.0
259.0
268.0
293.0
293.0
298.0
312.0
298.0
273.0
263.0
259.0
288.0
293.0
278.0
283.0
273.0
278.0
288.0
288.0
288.0
298.0
317.0
293.0
283.0
273.0
273.0
278.0
303.0
278.0
312.0
278.0
263.0
298.0
283.0
-1.0
298.0
283.0
298.0
303.0
273.0
254.0
298.0
273.0
303.0
312.0
263.0
268.0
263.0
283.0
283.0
263.0
268.0
259.0
312.0
278.0
327.0
278.0
278.0
268.0
303.0
273.0
298.0
307.0
263.0
273.0
298.0
312.0
273.0
298.0
263.0
312.0
273.0
278.0
273.0
263.0
259.0
278.0
303.0
303.0
312.0
288.0
307.0
332.0
288.0
268.0
273.0
317.0
312.0
293.0
278.0
263.0
293.0
317.0
254.0
263.0
278.0
298.0
273.0
273.0
288.0
288.0
263.0
283.0
273.0
293.0
278.0
283.0
263.0
268.0
351.0
293.0
268.0
283.0
283.0
268.0
268.0
263.0
273.0
307.0
307.0
293.0
268.0
303.0
298.0
288.0
312.0
293.0
298.0
312.0
283.0
293.0
307.0
293.0
298.0
263.0
283.0
298.0
268.0
259.0
268.0
268.0
278.0
273.0
263.0
263.0
263.0
298.0
288.0
259.0
278.0
268.0
303.0
278.0
342.0
-1.0
-1.0
259.0
278.0
283.0
283.0
263.0
307.0
312.0
268.0
268.0
288.0
273.0
268.0
293.0
259.0
268.0
263.0
273.0
273.0
293.0
303.0
293.0
273.0
298.0
263.0
288.0
278.0
263.0
288.0
263.0
278.0
268.0
303.0
263.0
263.0
298.0
259.0
278.0
288.0
298.0
322.0
303.0
278.0
293.0
298.0
259.0
303.0
293.0
273.0
268.0
263.0
307.0
268.0
273.0
288.0
317.0
268.0
278.0
303.0
293.0
273.0
268.0
298.0
307.0
303.0
268.0
273.0
273.0
263.0
293.0
273.0
268.0
263.0
278.0
268.0
298.0
273.0
278.0
273.0
293.0
273.0
288.0
293.0
298.0
283.0
278.0
259.0
268.0
337.0
293.0
259.0
268.0
283.0
293.0
312.0
283.0
288.0
273.0
278.0
307.0
268.0
303.0
268.0
268.0
268.0
293.0
303.0
273.0
303.0
293.0
263.0
283.0
298.0
268.0
273.0
283.0
298.0
317.0
322.0
317.0
298.0
268.0
278.0
278.0
293.0
307.0
263.0
273.0
293.0
263.0
278.0
298.0
263.0
278.0
283.0
263.0
317.0
307.0
278.0
298.0
307.0
278.0
293.0
327.0
283.0
268.0
283.0
278.0
278.0
268.0
278.0
263.0
278.0
317.0
298.0
254.0
361.0
263.0
337.0
307.0
273.0
268.0
298.0
288.0
273.0
307.0
273.0
278.0
268.0
273.0
293.0
268.0
327.0
263.0
273.0
283.0
293.0
278.0
298.0
273.0
298.0
268.0
288.0
259.0
293.0
307.0
273.0
273.0
298.0
273.0
278.0
283.0
317.0
283.0
298.0
259.0
283.0
288.0
298.0
283.0
307.0
268.0
298.0
283.0
263.0
298.0
273.0
283.0
307.0
283.0
278.0
303.0
303.0
288.0
278.0
283.0
298.0
263.0
327.0
268.0
268.0
303.0
278.0
263.0
268.0
283.0
278.0
293.0
273.0
263.0
268.0
268.0
278.0
312.0
317.0
278.0
263.0
288.0
263.0
283.0
283.0
288.0
327.0
268.0
259.0
278.0
263.0
273.0
263.0
273.0
278.0
273.0
268.0
288.0
288.0
288.0
273.0
293.0
303.0
273.0
307.0
298.0
312.0
317.0
298.0
307.0
263.0
288.0
322.0
307.0
268.0
288.0
288.0
278.0
268.0
283.0
298.0
303.0
288.0
322.0
317.0
303.0
288.0
317.0
303.0
268.0
293.0
273.0
303.0
298.0
273.0
263.0
273.0
268.0
278.0
283.0
303.0
293.0
263.0
293.0
268.0
307.0
259.0
327.0
273.0
278.0
268.0
273.0
283.0
307.0
278.0
273.0
283.0
-1.0
-1.0
-1.0
-1.0
-1.0
-1.0
-1.0
-1.0
-1