263.0
259.0
244.0
249.0
249.0
283.0
249.0
244.0
249.0
254.0
249.0
288.0
268.0
254.0
249.0
249.0
210.0
263.0
210.0
254.0
229.0
234.0
210.0
215.0
210.0
244.0
205.0
215.0
254.0
219.0
205.0
210.0
219.0
210.0
205.0
219.0
215.0
224.0
205.0
224.0
229.0
278.0
273.0
229.0
224.0
205.0
244.0
200.0
205.0
224.0
234.0
205.0
219.0
205.0
205.0
239.0
254.0
210.0
205.0
234.0
205.0
210.0
215.0
259.0
215.0
229.0
254.0
244.0
205.0
219.0
234.0
215.0
200.0
215.0
215.0
234.0
244.0
210.0
195.0
239.0
210.0
205.0
210.0
234.0
219.0
239.0
200.0
244.0
259.0
263.0
234.0
200.0
244.0
234.0
234.0
219.0
205.0
219.0
215.0
215.0
234.0
210.0
219.0
234.0
200.0
215.0
200.0
205.0
200.0
195.0
205.0
219.0
219.0
215.0
210.0
283.0
249.0
268.0
249.0
268.0
239.0
259.0
239.0
249.0
268.0
259.0
254.0
283.0
249.0
278.0
278.0
263.0
210.0
210.0
273.0
249.0
210.0
195.0
239.0
210.0
205.0
210.0
210.0
205.0
224.0
234.0
215.0
205.0
210.0
210.0
210.0
249.0
239.0
215.0
210.0
234.0
205.0
205.0
210.0
219.0
254.0
210.0
215.0
205.0
215.0
219.0
205.0
219.0
234.0
205.0
205.0
219.0
205.0
239.0
210.0
249.0
219.0
195.0
239.0
215.0
268.0
244.0
224.0
205.0
210.0
205.0
239.0
210.0
219.0
224.0
239.0
229.0
215.0
234.0
210.0
205.0
219.0
215.0
224.0
224.0
205.0
215.0
239.0
210.0
254.0
215.0
219.0
195.0
219.0
205.0
210.0
234.0
215.0
200.0
254.0
205.0
254.0
215.0
205.0
219.0
205.0
205.0
219.0
215.0
224.0
205.0
219.0
244.0
254.0
205.0
244.0
224.0
215.0
224.0
215.0
210.0
205.0
239.0
249.0
200.0
215.0
254.0
205.0
219.0
234.0
205.0
200.0
205.0
219.0
200.0
219.0
249.0
205.0
219.0
210.0
219.0
210.0
210.0
205.0
215.0
210.0
254.0
244.0
210.0
219.0
244.0
234.0
234.0
205.0
239.0
215.0
215.0
205.0
244.0
244.0
249.0
229.0
200.0
205.0
215.0
205.0
210.0
215.0
215.0
229.0
205.0
224.0
219.0
215.0
210.0
278.0
219.0
200.0
219.0
249.0
219.0
210.0
195.0
200.0
200.0
263.0
205.0
244.0
224.0
224.0
234.0
234.0
254.0
234.0
205.0
210.0
215.0
219.0
234.0
205.0
239.0
200.0
259.0
215.0
244.0
263.0
244.0
224.0
200.0
205.0
219.0
210.0
215.0
215.0
215.0
219.0
244.0
244.0
215.0
239.0
210.0
200.0
210.0
200.0
205.0
210.0
249.0
239.0
205.0
215.0
215.0
200.0
244.0
239.0
205.0
205.0
219.0
234.0
229.0
210.0
200.0
219.0
210.0
254.0
219.0
205.0
210.0
244.0
219.0
205.0
229.0
244.0
278.0
215.0
210.0
205.0
219.0
244.0
224.0
215.0
219.0
195.0
215.0
229.0
215.0
219.0
200.0
205.0
205.0
234.0
229.0
205.0
229.0
205.0
210.0
215.0
205.0
190.0
210.0
229.0
210.0
210.0
219.0
210.0
249.0
200.0
215.0
195.0
239.0
205.0
244.0
224.0
219.0
210.0
200.0
200.0
210.0
200.0
273.0
283.0
210.0
210.0
200.0
234.0
215.0
219.0
219.0
205.0
210.0
229.0
210.0
210.0
195.0
215.0
200.0
205.0
244.0
234.0
200.0
215.0
210.0
263.0
205.0
244.0
205.0
224.0
215.0
200.0
210.0
224.0
215.0
210.0
244.0
210.0
224.0
205.0
215.0
205.0
229.0
205.0
263.0
229.0
224.0
249.0
249.0
259.0
249.0
234.0
224.0
205.0
205.0
205.0
205.0
239.0
215.0
205.0
205.0
205.0
200.0
215.0
234.0
205.0
195.0
219.0
215.0
239.0
244.0
200.0
210.0
215.0
200.0
210.0
210.0
234.0
200.0
229.0
219.0
195.0
210.0
224.0
244.0
205.0
200.0
210.0
215.0
195.0
210.0
254.0
254.0
259.0
244.0
263.0
244.0
229.0
234.0
215.0
210.0
200.0
210.0
249.0
219.0
219.0
210.0
210.0
210.0
200.0
210.0
210.0
195.0
219.0
200.0
215.0
210.0
224.0
215.0
224.0
205.0
249.0
205.0
229.0
200.0
254.0
219.0
219.0
224.0
210.0
224.0
210.0
205.0
215.0
224.0
224.0
249.0
215.0
219.0
205.0
210.0
244.0
259.0
215.0
210.0
200.0
219.0
205.0
234.0
239.0
249.0
200.0
229.0
205.0
210.0
215.0
210.0
215.0
239.0
210.0
229.0
205.0
244.0
205.0
200.0
224.0
210.0
215.0
200.0
244.0
273.0
249.0
268.0
268.0
249.0
278.0
263.0
239.0
239.0
244.0
268.0
259.0
249.0
283.0
244.0
239.0
249.0
234.0
273.0
